{
    "w": 1554,
    "h": 1162,
    "fl_x": 2892.33,
    "fl_y": 2883.18,
    "cx": 777.0,
    "cy": 581.0,
    "k1": 0.0,
    "k2": 0.0,
    "p1": 0.0,
    "p2": 0.0,
    "camera_model": "OPENCV",
    "frames": [
        {
            "file_path": "images/0002.png",
            "transform_matrix": [
                [
                    0.323758753343646,
                    -0.20588342891764433,
                    0.9234675323640141,
                    2.29900964245782
                ],
                [
                    0.4389059040472931,
                    -0.831982082259958,
                    -0.3393632599307306,
                    -1.1159435224062975
                ],
                [
                    0.8381777120788863,
                    0.5151871781163595,
                    -0.17899802925927935,
                    -0.4215633392628943
                ],
                [
                    0.0,
                    0.0,
                    0.0,
                    1.0
                ]
            ],
            "colmap_im_id": 1
        },
        {
            "file_path": "images/0000.png",
            "transform_matrix": [
                [
                    0.2647327844688407,
                    -0.3925193042076068,
                    0.8808207244676696,
                    2.206323176706977
                ],
                [
                    0.46067598097240714,
                    -0.7509634378189163,
                    -0.4731083973195834,
                    -1.4043932472202942
                ],
                [
                    0.8471683382790486,
                    0.531020254682974,
                    -0.017980426411648716,
                    -0.07922963847998957
                ],
                [
                    0.0,
                    0.0,
                    0.0,
                    1.0
                ]
            ],
            "colmap_im_id": 2
        },
        {
            "file_path": "images/0001.png",
            "transform_matrix": [
                [
                    0.4815122772564841,
                    -0.33113521506780347,
                    0.8114772924692806,
                    2.0562845252967215
                ],
                [
                    0.44735666714231687,
                    -0.7033256348655915,
                    -0.5524536756183552,
                    -1.5751608883564763
                ],
                [
                    0.7536696485958506,
                    0.6290330044464377,
                    -0.19052438191080645,
                    -0.4500651178759381
                ],
                [
                    0.0,
                    0.0,
                    0.0,
                    1.0
                ]
            ],
            "colmap_im_id": 3
        }
    ],
    "applied_transform": [
        [
            1.0,
            0.0,
            0.0,
            0.0
        ],
        [
            0.0,
            0.0,
            1.0,
            0.0
        ],
        [
            -0.0,
            -1.0,
            -0.0,
            -0.0
        ]
    ],
    "ply_file_path": "sparse_pc.ply"
}